[
    {
        "id": "101",
        "name": "st_comb/st_1",
        "config_path": "/YOUR_MODEL_PATH/output/st_comb/st_1/config.yaml",
        "R_mat": "[[-0.9910061, -0.01236076, 0.13328557], [-0.01781009, 0.9990534, -0.03977152], [-0.13266692, -0.04178828, -0.99028504]]",
        "T_vec": "[0.5559487, -0.13512671, 5.771629]",
        "assets_pose": {
            "1": {
                "R_mat": "[[-0.9910061, -0.01236076, 0.13328557], [-0.01781009, 0.9990534, -0.03977152], [-0.13266692, -0.04178828, -0.99028504]]",
                "T_vec": "[0.5559487, -0.13512671, 5.771629]"
            },
            "2": {
                "R_mat": "[[-0.9910061, -0.01236076, 0.13328557], [-0.01781009, 0.9990534, -0.03977152], [-0.13266692, -0.04178828, -0.99028504]]",
                "T_vec": "[0.5559487, -0.13512671, 5.771629]"
            },
            "3": {
                "R_mat": "[[-0.9910061, -0.01236076, 0.13328557], [-0.01781009, 0.9990534, -0.03977152], [-0.13266692, -0.04178828, -0.99028504]]",
                "T_vec": "[0.5559487, -0.13512671, 5.771629]"
            }
        }
    },
    {
        "id": "102",
        "name": "st_comb/st_2",
        "config_path": "/YOUR_MODEL_PATH/output/st_comb/st_2/config.yaml",
        "R_mat": "[[-0.9910061, -0.01236076, 0.13328557], [-0.01781009, 0.9990534, -0.03977152], [-0.13266692, -0.04178828, -0.99028504]]",
        "T_vec": "[0.5559487, -0.13512671, 5.771629]",
        "assets_pose": {
            "1": {
                "R_mat": "[[-0.9910061, -0.01236076, 0.13328557], [-0.01781009, 0.9990534, -0.03977152], [-0.13266692, -0.04178828, -0.99028504]]",
                "T_vec": "[0.5559487, -0.13512671, 5.771629]"
            },
            "2": {
                "R_mat": "[[-0.9910061, -0.01236076, 0.13328557], [-0.01781009, 0.9990534, -0.03977152], [-0.13266692, -0.04178828, -0.99028504]]",
                "T_vec": "[0.5559487, -0.13512671, 5.771629]"
            },
            "3": {
                "R_mat": "[[-0.9910061, -0.01236076, 0.13328557], [-0.01781009, 0.9990534, -0.03977152], [-0.13266692, -0.04178828, -0.99028504]]",
                "T_vec": "[0.5559487, -0.13512671, 5.771629]"
            }
        }
    },
    {
        "id": "103",
        "name": "RCH",
        "config_path": "/YOUR_MODEL_PATH/output/RCH/config.yaml",
        "R_mat": "[[0.9347217, 0.01801105, 0.354922], [0.14371365, 0.89425105, -0.42386374], [-0.32502365, 0.44720212, 0.8332877]]",
        "T_vec": "[0.3057762, -0.8536954, 2.3952193]",
        "assets_pose": {
            "1": {
                "R_mat": "[[0.25657454, 0.26514047, -0.92944956], [-0.42835227, 0.8932336, 0.13656268], [0.8664231, 0.36309102, 0.34275416]]",
                "T_vec": "[-3.7651532, -1.7867066, 3.4265857]"
            },
            "2": {
                "R_mat": "[[0.2269715, 0.5817197, -0.78108543], [-0.4161617, 0.7830358, 0.462242], [0.88051033, 0.22013994, 0.41981503]]",
                "T_vec": "[-4.186372, -0.10713035, 2.1917741]"
            },
            "3": {
                "R_mat": "[[-0.15871774, -0.08194909, 0.9839243], [0.45484897, 0.87843454, 0.14653425], [-0.8763177, 0.47079074, -0.10215006]]",
                "T_vec": "[3.8113265, -1.7230085, 4.113706]"
            }
        }
    },
    {
        "id": "104",
        "name": "UW_tower",
        "config_path": "/YOUR_MODEL_PATH/output/UW_tower/config.yaml",
        "R_mat": "[[-0.70811329, -0.21124761, 0.67375813], [0.16577646, 0.87778949, 0.4494483], [-0.68636268, 0.42995355, -0.58655453]]",
        "T_vec": "[-0.32326042, -3.65895232, 2.27446875]",
        "assets_pose": {
            "1": {
                "R_mat": "[[-0.70811329, -0.21124761, 0.67375813], [0.16577646, 0.87778949, 0.4494483], [-0.68636268, 0.42995355, -0.58655453]]",
                "T_vec": "[-0.32326042, -3.65895232, 2.27446875]"
            },
            "2": {
                "R_mat": "[[-0.70811329, -0.21124761, 0.67375813], [0.16577646, 0.87778949, 0.4494483], [-0.68636268, 0.42995355, -0.58655453]]",
                "T_vec": "[-0.32326042, -3.65895232, 2.27446875]"
            },
            "3": {
                "R_mat": "[[-0.70811329, -0.21124761, 0.67375813], [0.16577646, 0.87778949, 0.4494483], [-0.68636268, 0.42995355, -0.58655453]]",
                "T_vec": "[-0.32326042, -3.65895232, 2.27446875]"
            }
        }
    },
    {
        "id": "105",
        "name": "Ford_Tower_20240529",
        "config_path": "/YOUR_MODEL_PATH/output/Ford_Tower_20240529_010/config.yaml",
        "R_mat": "[[-0.6588268, -0.07884727, 0.7481518], [0.4471958, 0.75866354, 0.47375822], [-0.6049497, 0.64669484, -0.46456733]]",
        "T_vec": "[-0.3657293, 0.37370735, 9.97034]",
        "assets_pose": {
            "1": {
                "R_mat": "[[0.993401, 0.0232327, -0.11235671], [-0.10302696, 0.6115875, -0.78444326], [0.05049102, 0.7908379, 0.609947]]",
                "T_vec": "[-0.09067073, 0.89476806, 4.2803125]"
            },
            "2": {
                "R_mat": "[[-0.17251833, 0.13088684, -0.97627497], [-0.4713597, 0.85931474, 0.19850056], [0.86490726, 0.49441817, -0.08655262]]",
                "T_vec": "[0.163468, 1.1971681, 7.3825173]"
            },
            "3": {
                "R_mat": "[[9.8447806e-01, 1.7490853e-01, -1.4826212e-02], [-1.7553487e-01, 9.8129344e-01, -7.9124369e-02], [7.0932083e-04, 8.0494732e-02, 9.9676114e-01]]",
                "T_vec": "[-0.31249514, 2.1790545, 1.9945507]"
            }
        }
    }
]