[
    {
        "id": "101",
        "name": "st_comb/st_1",
        "config_path": "/YOUR_MODEL_PATH/output/st_comb/st_1/config.yaml",
        "R_mat": "[[-0.9910061, -0.01236076, 0.13328557], [-0.01781009, 0.9990534, -0.03977152], [-0.13266692, -0.04178828, -0.99028504]]",
        "T_vec": "[0.5559487, -0.13512671, 5.771629]",
        "assets_pose": {
            "1": {
                "R_mat": "[[-0.9910061, -0.01236076, 0.13328557], [-0.01781009, 0.9990534, -0.03977152], [-0.13266692, -0.04178828, -0.99028504]]",
                "T_vec": "[0.5559487, -0.13512671, 5.771629]"
            },
            "2": {
                "R_mat": "[[-0.9910061, -0.01236076, 0.13328557], [-0.01781009, 0.9990534, -0.03977152], [-0.13266692, -0.04178828, -0.99028504]]",
                "T_vec": "[0.5559487, -0.13512671, 5.771629]"
            },
            "3": {
                "R_mat": "[[-0.9910061, -0.01236076, 0.13328557], [-0.01781009, 0.9990534, -0.03977152], [-0.13266692, -0.04178828, -0.99028504]]",
                "T_vec": "[0.5559487, -0.13512671, 5.771629]"
            }
        }
    },
    {
        "id": "102",
        "name": "st_comb/st_2",
        "config_path": "/YOUR_MODEL_PATH/output/st_comb/st_2/config.yaml",
        "R_mat": "[[-0.9910061, -0.01236076, 0.13328557], [-0.01781009, 0.9990534, -0.03977152], [-0.13266692, -0.04178828, -0.99028504]]",
        "T_vec": "[0.5559487, -0.13512671, 5.771629]",
        "assets_pose": {
            "1": {
                "R_mat": "[[-0.9910061, -0.01236076, 0.13328557], [-0.01781009, 0.9990534, -0.03977152], [-0.13266692, -0.04178828, -0.99028504]]",
                "T_vec": "[0.5559487, -0.13512671, 5.771629]"
            },
            "2": {
                "R_mat": "[[-0.9910061, -0.01236076, 0.13328557], [-0.01781009, 0.9990534, -0.03977152], [-0.13266692, -0.04178828, -0.99028504]]",
                "T_vec": "[0.5559487, -0.13512671, 5.771629]"
            },
            "3": {
                "R_mat": "[[-0.9910061, -0.01236076, 0.13328557], [-0.01781009, 0.9990534, -0.03977152], [-0.13266692, -0.04178828, -0.99028504]]",
                "T_vec": "[0.5559487, -0.13512671, 5.771629]"
            }
        }
    },
    {
        "id": "103",
        "name": "RCH",
        "config_path": "/YOUR_MODEL_PATH/output/RCH/config.yaml",
        "R_mat": "[[0.9347217, 0.01801105, 0.354922], [0.14371365, 0.89425105, -0.42386374], [-0.32502365, 0.44720212, 0.8332877]]",
        "T_vec": "[0.3057762, -0.8536954, 2.3952193]",
        "assets_pose": {
            "1": {
                "R_mat": "[[0.25657454, 0.26514047, -0.92944956], [-0.42835227, 0.8932336, 0.13656268], [0.8664231, 0.36309102, 0.34275416]]",
                "T_vec": "[-3.7651532, -1.7867066, 3.4265857]"
            },
            "2": {
                "R_mat": "[[0.2269715, 0.5817197, -0.78108543], [-0.4161617, 0.7830358, 0.462242], [0.88051033, 0.22013994, 0.41981503]]",
                "T_vec": "[-4.186372, -0.10713035, 2.1917741]"
            },
            "3": {
                "R_mat": "[[-0.15871774, -0.08194909, 0.9839243], [0.45484897, 0.87843454, 0.14653425], [-0.8763177, 0.47079074, -0.10215006]]",
                "T_vec": "[3.8113265, -1.7230085, 4.113706]"
            }
        }
    },
    {
        "id": "104",
        "name": "UW_tower",
        "config_path": "/YOUR_MODEL_PATH/output/UW_tower/config.yaml",
        "R_mat": "[[-0.70811329, -0.21124761, 0.67375813], [0.16577646, 0.87778949, 0.4494483], [-0.68636268, 0.42995355, -0.58655453]]",
        "T_vec": "[-0.32326042, -3.65895232, 2.27446875]",
        "assets_pose": {
            "1": {
                "R_mat": "[[-0.70811329, -0.21124761, 0.67375813], [0.16577646, 0.87778949, 0.4494483], [-0.68636268, 0.42995355, -0.58655453]]",
                "T_vec": "[-0.32326042, -3.65895232, 2.27446875]"
            },
            "2": {
                "R_mat": "[[-0.70811329, -0.21124761, 0.67375813], [0.16577646, 0.87778949, 0.4494483], [-0.68636268, 0.42995355, -0.58655453]]",
                "T_vec": "[-0.32326042, -3.65895232, 2.27446875]"
            },
            "3": {
                "R_mat": "[[-0.70811329, -0.21124761, 0.67375813], [0.16577646, 0.87778949, 0.4494483], [-0.68636268, 0.42995355, -0.58655453]]",
                "T_vec": "[-0.32326042, -3.65895232, 2.27446875]"
            }
        }
    },
    {
        "id": "105",
        "name": "Ford_Tower_20240529",
        "config_path": "/YOUR_MODEL_PATH/output/Ford_Tower_20240529_010/config.yaml",
        "R_mat": "[[-0.6588268, -0.07884727, 0.7481518], [0.4471958, 0.75866354, 0.47375822], [-0.6049497, 0.64669484, -0.46456733]]",
        "T_vec": "[-0.3657293, 0.37370735, 9.97034]",
        "assets_pose": {
            "1": {
                "R_mat": "[[0.95297647, 0.15223846, -0.2620905], [-0.20951347, 0.9557245, -0.20666109], [0.21902344, 0.25184396, 0.94267356]]",
                "T_vec": "[0.28672707, 1.1967797, 3.5889177]"
            },
            "2": {
                "R_mat": "[[0.40371627, -0.19142276, 0.8946537], [0.42387083, 0.9057274, 0.00251947], [-0.8107927, 0.37818897, 0.4467904]]",
                "T_vec": "[-0.30790767, 0.7563851, 3.771064]"
            },
            "3": {
                "R_mat": "[[-0.77907157, 0.00106528, 0.62695074], [0.38627252, 0.7884757, 0.47865635], [-0.4938221, 0.6150714, -0.6146895]]",
                "T_vec": "[0.0419757, -0.70707905, 2.670819]"
            }
        }
    },
    {
        "id": "106",
        "name": "Ford_Tower/06_07",
        "config_path": "/YOUR_MODEL_PATH/output/Ford_Tower_06_07/config.yaml",
        "R_mat": "[[-0.6588268, -0.07884727, 0.7481518], [0.4471958, 0.75866354, 0.47375822], [-0.6049497, 0.64669484, -0.46456733]]",
        "T_vec": "[-0.3657293, 0.37370735, 9.97034]",
        "assets_pose": {
            "1": {
                "R_mat": "[[-0.7779926, 0.23035637, -0.5845216], [-0.27616948, 0.7102716, 0.64749295], [0.5643227, 0.665171, -0.488968]]",
                "T_vec": "[-0.15638512, -5.4267592, 0.36921647]"
            },
            "2": {
                "R_mat": "[[-0.6828184, 0.1798748, -0.7081001], [-0.29924035, 0.8153324, 0.495671], [ 0.666495, 0.55034506, -0.50289786]]",
                "T_vec": "[0.22511443, 3.5060835, 2.3683305]"
            },
            "3": {
                "R_mat": "[[0.44551447, 0.24313594, -0.8616289], [-0.3355463, 0.93761176, 0.09107943], [0.830017, 0.24853878, 0.4993022]]",
                "T_vec": "[1.0192113, 3.5491338, 2.0248058]"
            }
        }
    },
    {
        "id": "107",
        "name": "Ford_Tower/06_09",
        "config_path": "/YOUR_MODEL_PATH/output/Ford_Tower_06_09/config.yaml",
        "R_mat": "[[-0.6588268, -0.07884727, 0.7481518], [0.4471958, 0.75866354, 0.47375822], [-0.6049497, 0.64669484, -0.46456733]]",
        "T_vec": "[-0.3657293, 0.37370735, 9.97034]",
        "assets_pose": {
            "1": {
                "R_mat": "[[-0.7779926, 0.23035637, -0.5845216], [-0.27616948, 0.7102716, 0.64749295], [0.5643227, 0.665171, -0.488968]]",
                "T_vec": "[-0.15638512, -5.4267592, 0.36921647]"
            },
            "2": {
                "R_mat": "[[-0.6828184, 0.1798748, -0.7081001], [-0.29924035, 0.8153324, 0.495671], [ 0.666495, 0.55034506, -0.50289786]]",
                "T_vec": "[0.22511443, 3.5060835, 2.3683305]"
            },
            "3": {
                "R_mat": "[[0.44551447, 0.24313594, -0.8616289], [-0.3355463, 0.93761176, 0.09107943], [0.830017, 0.24853878, 0.4993022]]",
                "T_vec": "[1.0192113, 3.5491338, 2.0248058]"
            }
        }
    },
    {
        "id": "108",
        "name": "CViSS-Depth",
        "config_path": "/YOUR_MODEL_PATH/output/CViSS-Depth/config.yaml",
        "R_mat": "[[-0.74886584, 0.16358504, -0.64221555], [0.07174951, 0.9833737, 0.16682018], [0.65882665, 0.07884725, -0.7481515]]",
        "T_vec": "[-1.0351673, 0.5909963, 4.3931923]",
        "assets_pose": {
            "1": {
                "R_mat": "[[-0.79416746, 0.13994117, -0.5913688], [0.04762584, 0.98446447, 0.16900492], [0.60583186, 0.10605367, -0.78849363]]",
                "T_vec": "[1.1821722, 1.1179947, -3.1425483]"
            },
            "2": {
                "R_mat": "[[0.605255, 0.12040832, -0.7868764], [0.05557339, 0.9796917, 0.1926592], [0.79409343, -0.16033715, 0.58627117]]",
                "T_vec": "[-3.9288194, 0.09710614, -4.3240952]"
            },
            "3": {
                "R_mat": "[[0.63260067, 0.11473944, -0.7659377], [0.05557339, 0.9796917, 0.1926592], [0.77248764, -0.16444191, 0.6133762]]",
                "T_vec": "[-0.55875945, 0.09710614, -1.0776608]"
            }
        }
    }
]